Frequenza,Territorio,Indicatore,Sesso,Età,Stato civile,TIME_PERIOD,Osservazione,'Stato dell"'osservazione'
Annuale,Bologna,Popolazione al 1º gennaio,Totale,0 anni,Totale,2019,7526,
Annuale,Bologna,Popolazione al 1º gennaio,Totale,0 anni,Totale,2020,7165,
Annuale,Bologna,Popolazione al 1º gennaio,Totale,0 anni,Totale,2021,6962,
Annuale,Bologna,Popolazione al 1º gennaio,Totale,0 anni,Totale,2022,6971,
Annuale,Bologna,Popolazione al 1º gennaio,Totale,0 anni,Totale,2023,6856,
Annuale,Bologna,Popolazione al 1º gennaio,Totale,0 anni,Totale,2024,6533,
Annuale,Bologna,Popolazione al 1º gennaio,Totale,0 anni,Totale,2025,6619,Dato stimato
Annuale,Bologna,Popolazione al 1º gennaio,Totale,1 anni,Totale,2019,7671,
Annuale,Bologna,Popolazione al 1º gennaio,Totale,1 anni,Totale,2020,7666,
Annuale,Bologna,Popolazione al 1º gennaio,Totale,1 anni,Totale,2021,7211,
Annuale,Bologna,Popolazione al 1º gennaio,Totale,1 anni,Totale,2022,6987,
Annuale,Bologna,Popolazione al 1º gennaio,Totale,1 anni,Totale,2023,7053,
Annuale,Bologna,Popolazione al 1º gennaio,Totale,1 anni,Totale,2024,6908,
Annuale,Bologna,Popolazione al 1º gennaio,Totale,1 anni,Totale,2025,6582,Dato stimato
Annuale,Bologna,Popolazione al 1º gennaio,Totale,2 anni,Totale,2019,8076,
Annuale,Bologna,Popolazione al 1º gennaio,Totale,2 anni,Totale,2020,7705,
Annuale,Bologna,Popolazione al 1º gennaio,Totale,2 anni,Totale,2021,7666,
Annuale,Bologna,Popolazione al 1º gennaio,Totale,2 anni,Totale,2022,7216,
Annuale,Bologna,Popolazione al 1º gennaio,Totale,2 anni,Totale,2023,7009,
Annuale,Bologna,Popolazione al 1º gennaio,Totale,2 anni,Totale,2024,7066,
Annuale,Bologna,Popolazione al 1º gennaio,Totale,2 anni,Totale,2025,6978,Dato stimato
Annuale,Bologna,Popolazione al 1º gennaio,Totale,3 anni,Totale,2019,8316,
Annuale,Bologna,Popolazione al 1º gennaio,Totale,3 anni,Totale,2020,8094,
Annuale,Bologna,Popolazione al 1º gennaio,Totale,3 anni,Totale,2021,7698,
Annuale,Bologna,Popolazione al 1º gennaio,Totale,3 anni,Totale,2022,7663,
Annuale,Bologna,Popolazione al 1º gennaio,Totale,3 anni,Totale,2023,7252,
Annuale,Bologna,Popolazione al 1º gennaio,Totale,3 anni,Totale,2024,7059,
Annuale,Bologna,Popolazione al 1º gennaio,Totale,3 anni,Totale,2025,7139,Dato stimato
Annuale,Bologna,Popolazione al 1º gennaio,Totale,4 anni,Totale,2019,8583,
Annuale,Bologna,Popolazione al 1º gennaio,Totale,4 anni,Totale,2020,8351,
Annuale,Bologna,Popolazione al 1º gennaio,Totale,4 anni,Totale,2021,8130,
Annuale,Bologna,Popolazione al 1º gennaio,Totale,4 anni,Totale,2022,7656,
Annuale,Bologna,Popolazione al 1º gennaio,Totale,4 anni,Totale,2023,7657,
Annuale,Bologna,Popolazione al 1º gennaio,Totale,4 anni,Totale,2024,7294,
Annuale,Bologna,Popolazione al 1º gennaio,Totale,4 anni,Totale,2025,7139,Dato stimato
Annuale,Bologna,Popolazione al 1º gennaio,Totale,5 anni,Totale,2019,8564,
Annuale,Bologna,Popolazione al 1º gennaio,Totale,5 anni,Totale,2020,8582,
Annuale,Bologna,Popolazione al 1º gennaio,Totale,5 anni,Totale,2021,8364,
Annuale,Bologna,Popolazione al 1º gennaio,Totale,5 anni,Totale,2022,8074,
Annuale,Bologna,Popolazione al 1º gennaio,Totale,5 anni,Totale,2023,7709,
Annuale,Bologna,Popolazione al 1º gennaio,Totale,5 anni,Totale,2024,7706,
Annuale,Bologna,Popolazione al 1º gennaio,Totale,5 anni,Totale,2025,7382,Dato stimato
Annuale,Bologna,Popolazione al 1º gennaio,Totale,6 anni,Totale,2019,8737,
Annuale,Bologna,Popolazione al 1º gennaio,Totale,6 anni,Totale,2020,8577,
Annuale,Bologna,Popolazione al 1º gennaio,Totale,6 anni,Totale,2021,8476,
Annuale,Bologna,Popolazione al 1º gennaio,Totale,6 anni,Totale,2022,8323,
Annuale,Bologna,Popolazione al 1º gennaio,Totale,6 anni,Totale,2023,8066,
Annuale,Bologna,Popolazione al 1º gennaio,Totale,6 anni,Totale,2024,7769,
Annuale,Bologna,Popolazione al 1º gennaio,Totale,6 anni,Totale,2025,7774,Dato stimato
Annuale,Bologna,Popolazione al 1º gennaio,Totale,7 anni,Totale,2019,8929,
Annuale,Bologna,Popolazione al 1º gennaio,Totale,7 anni,Totale,2020,8783,
Annuale,Bologna,Popolazione al 1º gennaio,Totale,7 anni,Totale,2021,8488,
Annuale,Bologna,Popolazione al 1º gennaio,Totale,7 anni,Totale,2022,8516,
Annuale,Bologna,Popolazione al 1º gennaio,Totale,7 anni,Totale,2023,8346,
Annuale,Bologna,Popolazione al 1º gennaio,Totale,7 anni,Totale,2024,8101,
Annuale,Bologna,Popolazione al 1º gennaio,Totale,7 anni,Totale,2025,7854,Dato stimato
Annuale,Bologna,Popolazione al 1º gennaio,Totale,8 anni,Totale,2019,8990,
Annuale,Bologna,Popolazione al 1º gennaio,Totale,8 anni,Totale,2020,8930,
Annuale,Bologna,Popolazione al 1º gennaio,Totale,8 anni,Totale,2021,8689,
Annuale,Bologna,Popolazione al 1º gennaio,Totale,8 anni,Totale,2022,8520,
Annuale,Bologna,Popolazione al 1º gennaio,Totale,8 anni,Totale,2023,8521,
Annuale,Bologna,Popolazione al 1º gennaio,Totale,8 anni,Totale,2024,8392,
Annuale,Bologna,Popolazione al 1º gennaio,Totale,8 anni,Totale,2025,8188,Dato stimato
Annuale,Bologna,Popolazione al 1º gennaio,Totale,9 anni,Totale,2019,9401,
Annuale,Bologna,Popolazione al 1º gennaio,Totale,9 anni,Totale,2020,8995,
Annuale,Bologna,Popolazione al 1º gennaio,Totale,9 anni,Totale,2021,8860,
Annuale,Bologna,Popolazione al 1º gennaio,Totale,9 anni,Totale,2022,8714,
Annuale,Bologna,Popolazione al 1º gennaio,Totale,9 anni,Totale,2023,8562,
Annuale,Bologna,Popolazione al 1º gennaio,Totale,9 anni,Totale,2024,8565,
Annuale,Bologna,Popolazione al 1º gennaio,Totale,9 anni,Totale,2025,8474,Dato stimato
Annuale,Bologna,Popolazione al 1º gennaio,Totale,10 anni,Totale,2019,9116,
Annuale,Bologna,Popolazione al 1º gennaio,Totale,10 anni,Totale,2020,9434,
Annuale,Bologna,Popolazione al 1º gennaio,Totale,10 anni,Totale,2021,8931,
Annuale,Bologna,Popolazione al 1º gennaio,Totale,10 anni,Totale,2022,8906,
Annuale,Bologna,Popolazione al 1º gennaio,Totale,10 anni,Totale,2023,8782,
Annuale,Bologna,Popolazione al 1º gennaio,Totale,10 anni,Totale,2024,8616,
Annuale,Bologna,Popolazione al 1º gennaio,Totale,10 anni,Totale,2025,8622,Dato stimato
Annuale,Bologna,Popolazione al 1º gennaio,Totale,11 anni,Totale,2019,9227,
Annuale,Bologna,Popolazione al 1º gennaio,Totale,11 anni,Totale,2020,9132,
Annuale,Bologna,Popolazione al 1º gennaio,Totale,11 anni,Totale,2021,9385,
Annuale,Bologna,Popolazione al 1º gennaio,Totale,11 anni,Totale,2022,8944,
Annuale,Bologna,Popolazione al 1º gennaio,Totale,11 anni,Totale,2023,8923,
Annuale,Bologna,Popolazione al 1º gennaio,Totale,11 anni,Totale,2024,8814,
Annuale,Bologna,Popolazione al 1º gennaio,Totale,11 anni,Totale,2025,8702,Dato stimato
Annuale,Bologna,Popolazione al 1º gennaio,Totale,12 anni,Totale,2019,9227,
Annuale,Bologna,Popolazione al 1º gennaio,Totale,12 anni,Totale,2020,9239,
Annuale,Bologna,Popolazione al 1º gennaio,Totale,12 anni,Totale,2021,9093,
Annuale,Bologna,Popolazione al 1º gennaio,Totale,12 anni,Totale,2022,9415,
Annuale,Bologna,Popolazione al 1º gennaio,Totale,12 anni,Totale,2023,8970,
Annuale,Bologna,Popolazione al 1º gennaio,Totale,12 anni,Totale,2024,8949,
Annuale,Bologna,Popolazione al 1º gennaio,Totale,12 anni,Totale,2025,8887,Dato stimato
Annuale,Bologna,Popolazione al 1º gennaio,Totale,13 anni,Totale,2019,8963,
Annuale,Bologna,Popolazione al 1º gennaio,Totale,13 anni,Totale,2020,9247,
Annuale,Bologna,Popolazione al 1º gennaio,Totale,13 anni,Totale,2021,9181,
Annuale,Bologna,Popolazione al 1º gennaio,Totale,13 anni,Totale,2022,9153,
Annuale,Bologna,Popolazione al 1º gennaio,Totale,13 anni,Totale,2023,9450,
Annuale,Bologna,Popolazione al 1º gennaio,Totale,13 anni,Totale,2024,9014,
Annuale,Bologna,Popolazione al 1º gennaio,Totale,13 anni,Totale,2025,9009,Dato stimato
Annuale,Bologna,Popolazione al 1º gennaio,Totale,14 anni,Totale,2019,8990,
Annuale,Bologna,Popolazione al 1º gennaio,Totale,14 anni,Totale,2020,9033,
Annuale,Bologna,Popolazione al 1º gennaio,Totale,14 anni,Totale,2021,9199,
Annuale,Bologna,Popolazione al 1º gennaio,Totale,14 anni,Totale,2022,9255,
Annuale,Bologna,Popolazione al 1º gennaio,Totale,14 anni,Totale,2023,9194,
Annuale,Bologna,Popolazione al 1º gennaio,Totale,14 anni,Totale,2024,9495,
Annuale,Bologna,Popolazione al 1º gennaio,Totale,14 anni,Totale,2025,9104,Dato stimato
Annuale,Bologna,Popolazione al 1º gennaio,Totale,15 anni,Totale,2019,8602,
Annuale,Bologna,Popolazione al 1º gennaio,Totale,15 anni,Totale,2020,9024,
Annuale,Bologna,Popolazione al 1º gennaio,Totale,15 anni,Totale,2021,9003,
Annuale,Bologna,Popolazione al 1º gennaio,Totale,15 anni,Totale,2022,9248,
Annuale,Bologna,Popolazione al 1º gennaio,Totale,15 anni,Totale,2023,9283,
Annuale,Bologna,Popolazione al 1º gennaio,Totale,15 anni,Totale,2024,9246,
Annuale,Bologna,Popolazione al 1º gennaio,Totale,15 anni,Totale,2025,9582,Dato stimato
Annuale,Bologna,Popolazione al 1º gennaio,Totale,16 anni,Totale,2019,8764,
Annuale,Bologna,Popolazione al 1º gennaio,Totale,16 anni,Totale,2020,8671,
Annuale,Bologna,Popolazione al 1º gennaio,Totale,16 anni,Totale,2021,9062,
Annuale,Bologna,Popolazione al 1º gennaio,Totale,16 anni,Totale,2022,9028,
Annuale,Bologna,Popolazione al 1º gennaio,Totale,16 anni,Totale,2023,9303,
Annuale,Bologna,Popolazione al 1º gennaio,Totale,16 anni,Totale,2024,9315,
Annuale,Bologna,Popolazione al 1º gennaio,Totale,16 anni,Totale,2025,9363,Dato stimato
Annuale,Bologna,Popolazione al 1º gennaio,Totale,17 anni,Totale,2019,8803,
Annuale,Bologna,Popolazione al 1º gennaio,Totale,17 anni,Totale,2020,8849,
Annuale,Bologna,Popolazione al 1º gennaio,Totale,17 anni,Totale,2021,8685,
Annuale,Bologna,Popolazione al 1º gennaio,Totale,17 anni,Totale,2022,9115,
Annuale,Bologna,Popolazione al 1º gennaio,Totale,17 anni,Totale,2023,9112,
Annuale,Bologna,Popolazione al 1º gennaio,Totale,17 anni,Totale,2024,9373,
Annuale,Bologna,Popolazione al 1º gennaio,Totale,17 anni,Totale,2025,9428,Dato stimato
Annuale,Bologna,Popolazione al 1º gennaio,Totale,18 anni,Totale,2019,8948,
Annuale,Bologna,Popolazione al 1º gennaio,Totale,18 anni,Totale,2020,8922,
Annuale,Bologna,Popolazione al 1º gennaio,Totale,18 anni,Totale,2021,8841,
Annuale,Bologna,Popolazione al 1º gennaio,Totale,18 anni,Totale,2022,8767,
Annuale,Bologna,Popolazione al 1º gennaio,Totale,18 anni,Totale,2023,9314,
Annuale,Bologna,Popolazione al 1º gennaio,Totale,18 anni,Totale,2024,9311,
Annuale,Bologna,Popolazione al 1º gennaio,Totale,18 anni,Totale,2025,9536,Dato stimato
Annuale,Bologna,Popolazione al 1º gennaio,Totale,19 anni,Totale,2019,8838,
Annuale,Bologna,Popolazione al 1º gennaio,Totale,19 anni,Totale,2020,9085,
Annuale,Bologna,Popolazione al 1º gennaio,Totale,19 anni,Totale,2021,9058,
Annuale,Bologna,Popolazione al 1º gennaio,Totale,19 anni,Totale,2022,8906,
Annuale,Bologna,Popolazione al 1º gennaio,Totale,19 anni,Totale,2023,8972,
Annuale,Bologna,Popolazione al 1º gennaio,Totale,19 anni,Totale,2024,9504,
Annuale,Bologna,Popolazione al 1º gennaio,Totale,19 anni,Totale,2025,9471,Dato stimato
Annuale,Bologna,Popolazione al 1º gennaio,Totale,20 anni,Totale,2019,8634,
Annuale,Bologna,Popolazione al 1º gennaio,Totale,20 anni,Totale,2020,9000,
Annuale,Bologna,Popolazione al 1º gennaio,Totale,20 anni,Totale,2021,9351,
Annuale,Bologna,Popolazione al 1º gennaio,Totale,20 anni,Totale,2022,9083,
Annuale,Bologna,Popolazione al 1º gennaio,Totale,20 anni,Totale,2023,9118,
Annuale,Bologna,Popolazione al 1º gennaio,Totale,20 anni,Totale,2024,9181,
Annuale,Bologna,Popolazione al 1º gennaio,Totale,20 anni,Totale,2025,9720,Dato stimato
Annuale,Bologna,Popolazione al 1º gennaio,Totale,21 anni,Totale,2019,8626,
Annuale,Bologna,Popolazione al 1º gennaio,Totale,21 anni,Totale,2020,8790,
Annuale,Bologna,Popolazione al 1º gennaio,Totale,21 anni,Totale,2021,9473,
Annuale,Bologna,Popolazione al 1º gennaio,Totale,21 anni,Totale,2022,9254,
Annuale,Bologna,Popolazione al 1º gennaio,Totale,21 anni,Totale,2023,9248,
Annuale,Bologna,Popolazione al 1º gennaio,Totale,21 anni,Totale,2024,9376,
Annuale,Bologna,Popolazione al 1º gennaio,Totale,21 anni,Totale,2025,9392,Dato stimato
Annuale,Bologna,Popolazione al 1º gennaio,Totale,22 anni,Totale,2019,8643,
Annuale,Bologna,Popolazione al 1º gennaio,Totale,22 anni,Totale,2020,8848,
Annuale,Bologna,Popolazione al 1º gennaio,Totale,22 anni,Totale,2021,9454,
Annuale,Bologna,Popolazione al 1º gennaio,Totale,22 anni,Totale,2022,9197,
Annuale,Bologna,Popolazione al 1º gennaio,Totale,22 anni,Totale,2023,9455,
Annuale,Bologna,Popolazione al 1º gennaio,Totale,22 anni,Totale,2024,9478,
Annuale,Bologna,Popolazione al 1º gennaio,Totale,22 anni,Totale,2025,9637,Dato stimato
Annuale,Bologna,Popolazione al 1º gennaio,Totale,23 anni,Totale,2019,8564,
Annuale,Bologna,Popolazione al 1º gennaio,Totale,23 anni,Totale,2020,8927,
Annuale,Bologna,Popolazione al 1º gennaio,Totale,23 anni,Totale,2021,9470,
Annuale,Bologna,Popolazione al 1º gennaio,Totale,23 anni,Totale,2022,9047,
Annuale,Bologna,Popolazione al 1º gennaio,Totale,23 anni,Totale,2023,9468,
Annuale,Bologna,Popolazione al 1º gennaio,Totale,23 anni,Totale,2024,9771,
Annuale,Bologna,Popolazione al 1º gennaio,Totale,23 anni,Totale,2025,9764,Dato stimato
Annuale,Bologna,Popolazione al 1º gennaio,Totale,24 anni,Totale,2019,8825,
Annuale,Bologna,Popolazione al 1º gennaio,Totale,24 anni,Totale,2020,8935,
Annuale,Bologna,Popolazione al 1º gennaio,Totale,24 anni,Totale,2021,9520,
Annuale,Bologna,Popolazione al 1º gennaio,Totale,24 anni,Totale,2022,9214,
Annuale,Bologna,Popolazione al 1º gennaio,Totale,24 anni,Totale,2023,9382,
Annuale,Bologna,Popolazione al 1º gennaio,Totale,24 anni,Totale,2024,9848,
Annuale,Bologna,Popolazione al 1º gennaio,Totale,24 anni,Totale,2025,10113,Dato stimato
Annuale,Bologna,Popolazione al 1º gennaio,Totale,25 anni,Totale,2019,8935,
Annuale,Bologna,Popolazione al 1º gennaio,Totale,25 anni,Totale,2020,9262,
Annuale,Bologna,Popolazione al 1º gennaio,Totale,25 anni,Totale,2021,9523,
Annuale,Bologna,Popolazione al 1º gennaio,Totale,25 anni,Totale,2022,9461,
Annuale,Bologna,Popolazione al 1º gennaio,Totale,25 anni,Totale,2023,9705,
Annuale,Bologna,Popolazione al 1º gennaio,Totale,25 anni,Totale,2024,9879,
Annuale,Bologna,Popolazione al 1º gennaio,Totale,25 anni,Totale,2025,10148,Dato stimato
Annuale,Bologna,Popolazione al 1º gennaio,Totale,26 anni,Totale,2019,9697,
Annuale,Bologna,Popolazione al 1º gennaio,Totale,26 anni,Totale,2020,9490,
Annuale,Bologna,Popolazione al 1º gennaio,Totale,26 anni,Totale,2021,9802,
Annuale,Bologna,Popolazione al 1º gennaio,Totale,26 anni,Totale,2022,9647,
Annuale,Bologna,Popolazione al 1º gennaio,Totale,26 anni,Totale,2023,10100,
Annuale,Bologna,Popolazione al 1º gennaio,Totale,26 anni,Totale,2024,10301,
Annuale,Bologna,Popolazione al 1º gennaio,Totale,26 anni,Totale,2025,10210,Dato stimato
Annuale,Bologna,Popolazione al 1º gennaio,Totale,27 anni,Totale,2019,9746,
Annuale,Bologna,Popolazione al 1º gennaio,Totale,27 anni,Totale,2020,10347,
Annuale,Bologna,Popolazione al 1º gennaio,Totale,27 anni,Totale,2021,10040,
Annuale,Bologna,Popolazione al 1º gennaio,Totale,27 anni,Totale,2022,10002,
Annuale,Bologna,Popolazione al 1º gennaio,Totale,27 anni,Totale,2023,10224,
Annuale,Bologna,Popolazione al 1º gennaio,Totale,27 anni,Totale,2024,10657,
Annuale,Bologna,Popolazione al 1º gennaio,Totale,27 anni,Totale,2025,10653,Dato stimato
Annuale,Bologna,Popolazione al 1º gennaio,Totale,28 anni,Totale,2019,10273,
Annuale,Bologna,Popolazione al 1º gennaio,Totale,28 anni,Totale,2020,10419,
Annuale,Bologna,Popolazione al 1º gennaio,Totale,28 anni,Totale,2021,10831,
Annuale,Bologna,Popolazione al 1º gennaio,Totale,28 anni,Totale,2022,10358,
Annuale,Bologna,Popolazione al 1º gennaio,Totale,28 anni,Totale,2023,10683,
Annuale,Bologna,Popolazione al 1º gennaio,Totale,28 anni,Totale,2024,10837,
Annuale,Bologna,Popolazione al 1º gennaio,Totale,28 anni,Totale,2025,10983,Dato stimato
Annuale,Bologna,Popolazione al 1º gennaio,Totale,29 anni,Totale,2019,10294,
Annuale,Bologna,Popolazione al 1º gennaio,Totale,29 anni,Totale,2020,10914,
Annuale,Bologna,Popolazione al 1º gennaio,Totale,29 anni,Totale,2021,10804,
Annuale,Bologna,Popolazione al 1º gennaio,Totale,29 anni,Totale,2022,11084,
Annuale,Bologna,Popolazione al 1º gennaio,Totale,29 anni,Totale,2023,10974,
Annuale,Bologna,Popolazione al 1º gennaio,Totale,29 anni,Totale,2024,11196,
Annuale,Bologna,Popolazione al 1º gennaio,Totale,29 anni,Totale,2025,11085,Dato stimato
Annuale,Bologna,Popolazione al 1º gennaio,Totale,30 anni,Totale,2019,10703,
Annuale,Bologna,Popolazione al 1º gennaio,Totale,30 anni,Totale,2020,10842,
Annuale,Bologna,Popolazione al 1º gennaio,Totale,30 anni,Totale,2021,11253,
Annuale,Bologna,Popolazione al 1º gennaio,Totale,30 anni,Totale,2022,10945,
Annuale,Bologna,Popolazione al 1º gennaio,Totale,30 anni,Totale,2023,11738,
Annuale,Bologna,Popolazione al 1º gennaio,Totale,30 anni,Totale,2024,11394,
Annuale,Bologna,Popolazione al 1º gennaio,Totale,30 anni,Totale,2025,11513,Dato stimato
Annuale,Bologna,Popolazione al 1º gennaio,Totale,31 anni,Totale,2019,10911,
Annuale,Bologna,Popolazione al 1º gennaio,Totale,31 anni,Totale,2020,11173,
Annuale,Bologna,Popolazione al 1º gennaio,Totale,31 anni,Totale,2021,11106,
Annuale,Bologna,Popolazione al 1º gennaio,Totale,31 anni,Totale,2022,11435,
Annuale,Bologna,Popolazione al 1º gennaio,Totale,31 anni,Totale,2023,11478,
Annuale,Bologna,Popolazione al 1º gennaio,Totale,31 anni,Totale,2024,12163,
Annuale,Bologna,Popolazione al 1º gennaio,Totale,31 anni,Totale,2025,11648,Dato stimato
Annuale,Bologna,Popolazione al 1º gennaio,Totale,32 anni,Totale,2019,11016,
Annuale,Bologna,Popolazione al 1º gennaio,Totale,32 anni,Totale,2020,11268,
Annuale,Bologna,Popolazione al 1º gennaio,Totale,32 anni,Totale,2021,11386,
Annuale,Bologna,Popolazione al 1º gennaio,Totale,32 anni,Totale,2022,11265,
Annuale,Bologna,Popolazione al 1º gennaio,Totale,32 anni,Totale,2023,11861,
Annuale,Bologna,Popolazione al 1º gennaio,Totale,32 anni,Totale,2024,11804,
Annuale,Bologna,Popolazione al 1º gennaio,Totale,32 anni,Totale,2025,12417,Dato stimato
Annuale,Bologna,Popolazione al 1º gennaio,Totale,33 anni,Totale,2019,11617,
Annuale,Bologna,Popolazione al 1º gennaio,Totale,33 anni,Totale,2020,11373,
Annuale,Bologna,Popolazione al 1º gennaio,Totale,33 anni,Totale,2021,11366,
Annuale,Bologna,Popolazione al 1º gennaio,Totale,33 anni,Totale,2022,11504,
Annuale,Bologna,Popolazione al 1º gennaio,Totale,33 anni,Totale,2023,11589,
Annuale,Bologna,Popolazione al 1º gennaio,Totale,33 anni,Totale,2024,12191,
Annuale,Bologna,Popolazione al 1º gennaio,Totale,33 anni,Totale,2025,12028,Dato stimato
Annuale,Bologna,Popolazione al 1º gennaio,Totale,34 anni,Totale,2019,11951,
Annuale,Bologna,Popolazione al 1º gennaio,Totale,34 anni,Totale,2020,11894,
Annuale,Bologna,Popolazione al 1º gennaio,Totale,34 anni,Totale,2021,11514,
Annuale,Bologna,Popolazione al 1º gennaio,Totale,34 anni,Totale,2022,11439,
Annuale,Bologna,Popolazione al 1º gennaio,Totale,34 anni,Totale,2023,11699,
Annuale,Bologna,Popolazione al 1º gennaio,Totale,34 anni,Totale,2024,11756,
Annuale,Bologna,Popolazione al 1º gennaio,Totale,34 anni,Totale,2025,12359,Dato stimato
Annuale,Bologna,Popolazione al 1º gennaio,Totale,35 anni,Totale,2019,12350,
Annuale,Bologna,Popolazione al 1º gennaio,Totale,35 anni,Totale,2020,12150,
Annuale,Bologna,Popolazione al 1º gennaio,Totale,35 anni,Totale,2021,11913,
Annuale,Bologna,Popolazione al 1º gennaio,Totale,35 anni,Totale,2022,11573,
Annuale,Bologna,Popolazione al 1º gennaio,Totale,35 anni,Totale,2023,11640,
Annuale,Bologna,Popolazione al 1º gennaio,Totale,35 anni,Totale,2024,11950,
Annuale,Bologna,Popolazione al 1º gennaio,Totale,35 anni,Totale,2025,11970,Dato stimato
Annuale,Bologna,Popolazione al 1º gennaio,Totale,36 anni,Totale,2019,12381,
Annuale,Bologna,Popolazione al 1º gennaio,Totale,36 anni,Totale,2020,12543,
Annuale,Bologna,Popolazione al 1º gennaio,Totale,36 anni,Totale,2021,12206,
Annuale,Bologna,Popolazione al 1º gennaio,Totale,36 anni,Totale,2022,11955,
Annuale,Bologna,Popolazione al 1º gennaio,Totale,36 anni,Totale,2023,11782,
Annuale,Bologna,Popolazione al 1º gennaio,Totale,36 anni,Totale,2024,11866,
Annuale,Bologna,Popolazione al 1º gennaio,Totale,36 anni,Totale,2025,12147,Dato stimato
Annuale,Bologna,Popolazione al 1º gennaio,Totale,37 anni,Totale,2019,12534,
Annuale,Bologna,Popolazione al 1º gennaio,Totale,37 anni,Totale,2020,12546,
Annuale,Bologna,Popolazione al 1º gennaio,Totale,37 anni,Totale,2021,12515,
Annuale,Bologna,Popolazione al 1º gennaio,Totale,37 anni,Totale,2022,12229,
Annuale,Bologna,Popolazione al 1º gennaio,Totale,37 anni,Totale,2023,12077,
Annuale,Bologna,Popolazione al 1º gennaio,Totale,37 anni,Totale,2024,11930,
Annuale,Bologna,Popolazione al 1º gennaio,Totale,37 anni,Totale,2025,11942,Dato stimato
Annuale,Bologna,Popolazione al 1º gennaio,Totale,38 anni,Totale,2019,13065,
Annuale,Bologna,Popolazione al 1º gennaio,Totale,38 anni,Totale,2020,12607,
Annuale,Bologna,Popolazione al 1º gennaio,Totale,38 anni,Totale,2021,12576,
Annuale,Bologna,Popolazione al 1º gennaio,Totale,38 anni,Totale,2022,12517,
Annuale,Bologna,Popolazione al 1º gennaio,Totale,38 anni,Totale,2023,12335,
Annuale,Bologna,Popolazione al 1º gennaio,Totale,38 anni,Totale,2024,12232,
Annuale,Bologna,Popolazione al 1º gennaio,Totale,38 anni,Totale,2025,12099,Dato stimato
Annuale,Bologna,Popolazione al 1º gennaio,Totale,39 anni,Totale,2019,13450,
Annuale,Bologna,Popolazione al 1º gennaio,Totale,39 anni,Totale,2020,13123,
Annuale,Bologna,Popolazione al 1º gennaio,Totale,39 anni,Totale,2021,12556,
Annuale,Bologna,Popolazione al 1º gennaio,Totale,39 anni,Totale,2022,12520,
Annuale,Bologna,Popolazione al 1º gennaio,Totale,39 anni,Totale,2023,12608,
Annuale,Bologna,Popolazione al 1º gennaio,Totale,39 anni,Totale,2024,12492,
Annuale,Bologna,Popolazione al 1º gennaio,Totale,39 anni,Totale,2025,12375,Dato stimato
Annuale,Bologna,Popolazione al 1º gennaio,Totale,40 anni,Totale,2019,14140,
Annuale,Bologna,Popolazione al 1º gennaio,Totale,40 anni,Totale,2020,13529,
Annuale,Bologna,Popolazione al 1º gennaio,Totale,40 anni,Totale,2021,13018,
Annuale,Bologna,Popolazione al 1º gennaio,Totale,40 anni,Totale,2022,12530,
Annuale,Bologna,Popolazione al 1º gennaio,Totale,40 anni,Totale,2023,12607,
Annuale,Bologna,Popolazione al 1º gennaio,Totale,40 anni,Totale,2024,12729,
Annuale,Bologna,Popolazione al 1º gennaio,Totale,40 anni,Totale,2025,12594,Dato stimato
Annuale,Bologna,Popolazione al 1º gennaio,Totale,41 anni,Totale,2019,14503,
Annuale,Bologna,Popolazione al 1º gennaio,Totale,41 anni,Totale,2020,14203,
Annuale,Bologna,Popolazione al 1º gennaio,Totale,41 anni,Totale,2021,13442,
Annuale,Bologna,Popolazione al 1º gennaio,Totale,41 anni,Totale,2022,13012,
Annuale,Bologna,Popolazione al 1º gennaio,Totale,41 anni,Totale,2023,12580,
Annuale,Bologna,Popolazione al 1º gennaio,Totale,41 anni,Totale,2024,12656,
Annuale,Bologna,Popolazione al 1º gennaio,Totale,41 anni,Totale,2025,12885,Dato stimato
Annuale,Bologna,Popolazione al 1º gennaio,Totale,42 anni,Totale,2019,15333,
Annuale,Bologna,Popolazione al 1º gennaio,Totale,42 anni,Totale,2020,14517,
Annuale,Bologna,Popolazione al 1º gennaio,Totale,42 anni,Totale,2021,14153,
Annuale,Bologna,Popolazione al 1º gennaio,Totale,42 anni,Totale,2022,13395,
Annuale,Bologna,Popolazione al 1º gennaio,Totale,42 anni,Totale,2023,13099,
Annuale,Bologna,Popolazione al 1º gennaio,Totale,42 anni,Totale,2024,12676,
Annuale,Bologna,Popolazione al 1º gennaio,Totale,42 anni,Totale,2025,12734,Dato stimato
Annuale,Bologna,Popolazione al 1º gennaio,Totale,43 anni,Totale,2019,15966,
Annuale,Bologna,Popolazione al 1º gennaio,Totale,43 anni,Totale,2020,15392,
Annuale,Bologna,Popolazione al 1º gennaio,Totale,43 anni,Totale,2021,14476,
Annuale,Bologna,Popolazione al 1º gennaio,Totale,43 anni,Totale,2022,14128,
Annuale,Bologna,Popolazione al 1º gennaio,Totale,43 anni,Totale,2023,13451,
Annuale,Bologna,Popolazione al 1º gennaio,Totale,43 anni,Totale,2024,13183,
Annuale,Bologna,Popolazione al 1º gennaio,Totale,43 anni,Totale,2025,12754,Dato stimato
Annuale,Bologna,Popolazione al 1º gennaio,Totale,44 anni,Totale,2019,16418,
Annuale,Bologna,Popolazione al 1º gennaio,Totale,44 anni,Totale,2020,15994,
Annuale,Bologna,Popolazione al 1º gennaio,Totale,44 anni,Totale,2021,15332,
Annuale,Bologna,Popolazione al 1º gennaio,Totale,44 anni,Totale,2022,14504,
Annuale,Bologna,Popolazione al 1º gennaio,Totale,44 anni,Totale,2023,14167,
Annuale,Bologna,Popolazione al 1º gennaio,Totale,44 anni,Totale,2024,13501,
Annuale,Bologna,Popolazione al 1º gennaio,Totale,44 anni,Totale,2025,13256,Dato stimato
Annuale,Bologna,Popolazione al 1º gennaio,Totale,45 anni,Totale,2019,16860,
Annuale,Bologna,Popolazione al 1º gennaio,Totale,45 anni,Totale,2020,16477,
Annuale,Bologna,Popolazione al 1º gennaio,Totale,45 anni,Totale,2021,15940,
Annuale,Bologna,Popolazione al 1º gennaio,Totale,45 anni,Totale,2022,15292,
Annuale,Bologna,Popolazione al 1º gennaio,Totale,45 anni,Totale,2023,14550,
Annuale,Bologna,Popolazione al 1º gennaio,Totale,45 anni,Totale,2024,14197,
Annuale,Bologna,Popolazione al 1º gennaio,Totale,45 anni,Totale,2025,13553,Dato stimato
Annuale,Bologna,Popolazione al 1º gennaio,Totale,46 anni,Totale,2019,16790,
Annuale,Bologna,Popolazione al 1º gennaio,Totale,46 anni,Totale,2020,16890,
Annuale,Bologna,Popolazione al 1º gennaio,Totale,46 anni,Totale,2021,16393,
Annuale,Bologna,Popolazione al 1º gennaio,Totale,46 anni,Totale,2022,15924,
Annuale,Bologna,Popolazione al 1º gennaio,Totale,46 anni,Totale,2023,15328,
Annuale,Bologna,Popolazione al 1º gennaio,Totale,46 anni,Totale,2024,14584,
Annuale,Bologna,Popolazione al 1º gennaio,Totale,46 anni,Totale,2025,14253,Dato stimato
Annuale,Bologna,Popolazione al 1º gennaio,Totale,47 anni,Totale,2019,17309,
Annuale,Bologna,Popolazione al 1º gennaio,Totale,47 anni,Totale,2020,16791,
Annuale,Bologna,Popolazione al 1º gennaio,Totale,47 anni,Totale,2021,16777,
Annuale,Bologna,Popolazione al 1º gennaio,Totale,47 anni,Totale,2022,16396,
Annuale,Bologna,Popolazione al 1º gennaio,Totale,47 anni,Totale,2023,15956,
Annuale,Bologna,Popolazione al 1º gennaio,Totale,47 anni,Totale,2024,15340,
Annuale,Bologna,Popolazione al 1º gennaio,Totale,47 anni,Totale,2025,14716,Dato stimato
Annuale,Bologna,Popolazione al 1º gennaio,Totale,48 anni,Totale,2019,16983,
Annuale,Bologna,Popolazione al 1º gennaio,Totale,48 anni,Totale,2020,17292,
Annuale,Bologna,Popolazione al 1º gennaio,Totale,48 anni,Totale,2021,16740,
Annuale,Bologna,Popolazione al 1º gennaio,Totale,48 anni,Totale,2022,16767,
Annuale,Bologna,Popolazione al 1º gennaio,Totale,48 anni,Totale,2023,16395,
Annuale,Bologna,Popolazione al 1º gennaio,Totale,48 anni,Totale,2024,15976,
Annuale,Bologna,Popolazione al 1º gennaio,Totale,48 anni,Totale,2025,15382,Dato stimato
Annuale,Bologna,Popolazione al 1º gennaio,Totale,49 anni,Totale,2019,17033,
Annuale,Bologna,Popolazione al 1º gennaio,Totale,49 anni,Totale,2020,16995,
Annuale,Bologna,Popolazione al 1º gennaio,Totale,49 anni,Totale,2021,17125,
Annuale,Bologna,Popolazione al 1º gennaio,Totale,49 anni,Totale,2022,16711,
Annuale,Bologna,Popolazione al 1º gennaio,Totale,49 anni,Totale,2023,16811,
Annuale,Bologna,Popolazione al 1º gennaio,Totale,49 anni,Totale,2024,16386,
Annuale,Bologna,Popolazione al 1º gennaio,Totale,49 anni,Totale,2025,16005,Dato stimato
Annuale,Bologna,Popolazione al 1º gennaio,Totale,50 anni,Totale,2019,16737,
Annuale,Bologna,Popolazione al 1º gennaio,Totale,50 anni,Totale,2020,17052,
Annuale,Bologna,Popolazione al 1º gennaio,Totale,50 anni,Totale,2021,16880,
Annuale,Bologna,Popolazione al 1º gennaio,Totale,50 anni,Totale,2022,17127,
Annuale,Bologna,Popolazione al 1º gennaio,Totale,50 anni,Totale,2023,16658,
Annuale,Bologna,Popolazione al 1º gennaio,Totale,50 anni,Totale,2024,16802,
Annuale,Bologna,Popolazione al 1º gennaio,Totale,50 anni,Totale,2025,16408,Dato stimato
Annuale,Bologna,Popolazione al 1º gennaio,Totale,51 anni,Totale,2019,16635,
Annuale,Bologna,Popolazione al 1º gennaio,Totale,51 anni,Totale,2020,16743,
Annuale,Bologna,Popolazione al 1º gennaio,Totale,51 anni,Totale,2021,16933,
Annuale,Bologna,Popolazione al 1º gennaio,Totale,51 anni,Totale,2022,16841,
Annuale,Bologna,Popolazione al 1º gennaio,Totale,51 anni,Totale,2023,17133,
Annuale,Bologna,Popolazione al 1º gennaio,Totale,51 anni,Totale,2024,16643,
Annuale,Bologna,Popolazione al 1º gennaio,Totale,51 anni,Totale,2025,16801,Dato stimato
Annuale,Bologna,Popolazione al 1º gennaio,Totale,52 anni,Totale,2019,16646,
Annuale,Bologna,Popolazione al 1º gennaio,Totale,52 anni,Totale,2020,16625,
Annuale,Bologna,Popolazione al 1º gennaio,Totale,52 anni,Totale,2021,16567,
Annuale,Bologna,Popolazione al 1º gennaio,Totale,52 anni,Totale,2022,16871,
Annuale,Bologna,Popolazione al 1º gennaio,Totale,52 anni,Totale,2023,16794,
Annuale,Bologna,Popolazione al 1º gennaio,Totale,52 anni,Totale,2024,17141,
Annuale,Bologna,Popolazione al 1º gennaio,Totale,52 anni,Totale,2025,16684,Dato stimato
Annuale,Bologna,Popolazione al 1º gennaio,Totale,53 anni,Totale,2019,16537,
Annuale,Bologna,Popolazione al 1º gennaio,Totale,53 anni,Totale,2020,16594,
Annuale,Bologna,Popolazione al 1º gennaio,Totale,53 anni,Totale,2021,16465,
Annuale,Bologna,Popolazione al 1º gennaio,Totale,53 anni,Totale,2022,16540,
Annuale,Bologna,Popolazione al 1º gennaio,Totale,53 anni,Totale,2023,16848,
Annuale,Bologna,Popolazione al 1º gennaio,Totale,53 anni,Totale,2024,16783,
Annuale,Bologna,Popolazione al 1º gennaio,Totale,53 anni,Totale,2025,17151,Dato stimato
Annuale,Bologna,Popolazione al 1º gennaio,Totale,54 anni,Totale,2019,16964,
Annuale,Bologna,Popolazione al 1º gennaio,Totale,54 anni,Totale,2020,16538,
Annuale,Bologna,Popolazione al 1º gennaio,Totale,54 anni,Totale,2021,16389,
Annuale,Bologna,Popolazione al 1º gennaio,Totale,54 anni,Totale,2022,16416,
Annuale,Bologna,Popolazione al 1º gennaio,Totale,54 anni,Totale,2023,16506,
Annuale,Bologna,Popolazione al 1º gennaio,Totale,54 anni,Totale,2024,16852,
Annuale,Bologna,Popolazione al 1º gennaio,Totale,54 anni,Totale,2025,16811,Dato stimato
Annuale,Bologna,Popolazione al 1º gennaio,Totale,55 anni,Totale,2019,15434,
Annuale,Bologna,Popolazione al 1º gennaio,Totale,55 anni,Totale,2020,16927,
Annuale,Bologna,Popolazione al 1º gennaio,Totale,55 anni,Totale,2021,16298,
Annuale,Bologna,Popolazione al 1º gennaio,Totale,55 anni,Totale,2022,16341,
Annuale,Bologna,Popolazione al 1º gennaio,Totale,55 anni,Totale,2023,16378,
Annuale,Bologna,Popolazione al 1º gennaio,Totale,55 anni,Totale,2024,16485,
Annuale,Bologna,Popolazione al 1º gennaio,Totale,55 anni,Totale,2025,16825,Dato stimato
Annuale,Bologna,Popolazione al 1º gennaio,Totale,56 anni,Totale,2019,15118,
Annuale,Bologna,Popolazione al 1º gennaio,Totale,56 anni,Totale,2020,15410,
Annuale,Bologna,Popolazione al 1º gennaio,Totale,56 anni,Totale,2021,16706,
Annuale,Bologna,Popolazione al 1º gennaio,Totale,56 anni,Totale,2022,16306,
Annuale,Bologna,Popolazione al 1º gennaio,Totale,56 anni,Totale,2023,16306,
Annuale,Bologna,Popolazione al 1º gennaio,Totale,56 anni,Totale,2024,16355,
Annuale,Bologna,Popolazione al 1º gennaio,Totale,56 anni,Totale,2025,16473,Dato stimato
Annuale,Bologna,Popolazione al 1º gennaio,Totale,57 anni,Totale,2019,14619,
Annuale,Bologna,Popolazione al 1º gennaio,Totale,57 anni,Totale,2020,15094,
Annuale,Bologna,Popolazione al 1º gennaio,Totale,57 anni,Totale,2021,15230,
Annuale,Bologna,Popolazione al 1º gennaio,Totale,57 anni,Totale,2022,16648,
Annuale,Bologna,Popolazione al 1º gennaio,Totale,57 anni,Totale,2023,16270,
Annuale,Bologna,Popolazione al 1º gennaio,Totale,57 anni,Totale,2024,16251,
Annuale,Bologna,Popolazione al 1º gennaio,Totale,57 anni,Totale,2025,16356,Dato stimato
Annuale,Bologna,Popolazione al 1º gennaio,Totale,58 anni,Totale,2019,14114,
Annuale,Bologna,Popolazione al 1º gennaio,Totale,58 anni,Totale,2020,14605,
Annuale,Bologna,Popolazione al 1º gennaio,Totale,58 anni,Totale,2021,14897,
Annuale,Bologna,Popolazione al 1º gennaio,Totale,58 anni,Totale,2022,15162,
Annuale,Bologna,Popolazione al 1º gennaio,Totale,58 anni,Totale,2023,16595,
Annuale,Bologna,Popolazione al 1º gennaio,Totale,58 anni,Totale,2024,16236,
Annuale,Bologna,Popolazione al 1º gennaio,Totale,58 anni,Totale,2025,16205,Dato stimato
Annuale,Bologna,Popolazione al 1º gennaio,Totale,59 anni,Totale,2019,13964,
Annuale,Bologna,Popolazione al 1º gennaio,Totale,59 anni,Totale,2020,14110,
Annuale,Bologna,Popolazione al 1º gennaio,Totale,59 anni,Totale,2021,14387,
Annuale,Bologna,Popolazione al 1º gennaio,Totale,59 anni,Totale,2022,14840,
Annuale,Bologna,Popolazione al 1º gennaio,Totale,59 anni,Totale,2023,15112,
Annuale,Bologna,Popolazione al 1º gennaio,Totale,59 anni,Totale,2024,16530,
Annuale,Bologna,Popolazione al 1º gennaio,Totale,59 anni,Totale,2025,16203,Dato stimato
Annuale,Bologna,Popolazione al 1º gennaio,Totale,60 anni,Totale,2019,13466,
Annuale,Bologna,Popolazione al 1º gennaio,Totale,60 anni,Totale,2020,13943,
Annuale,Bologna,Popolazione al 1º gennaio,Totale,60 anni,Totale,2021,13817,
Annuale,Bologna,Popolazione al 1º gennaio,Totale,60 anni,Totale,2022,14328,
Annuale,Bologna,Popolazione al 1º gennaio,Totale,60 anni,Totale,2023,14768,
Annuale,Bologna,Popolazione al 1º gennaio,Totale,60 anni,Totale,2024,15031,
Annuale,Bologna,Popolazione al 1º gennaio,Totale,60 anni,Totale,2025,16477,Dato stimato
Annuale,Bologna,Popolazione al 1º gennaio,Totale,61 anni,Totale,2019,13165,
Annuale,Bologna,Popolazione al 1º gennaio,Totale,61 anni,Totale,2020,13385,
Annuale,Bologna,Popolazione al 1º gennaio,Totale,61 anni,Totale,2021,13671,
Annuale,Bologna,Popolazione al 1º gennaio,Totale,61 anni,Totale,2022,13761,
Annuale,Bologna,Popolazione al 1º gennaio,Totale,61 anni,Totale,2023,14258,
Annuale,Bologna,Popolazione al 1º gennaio,Totale,61 anni,Totale,2024,14692,
Annuale,Bologna,Popolazione al 1º gennaio,Totale,61 anni,Totale,2025,15008,Dato stimato
Annuale,Bologna,Popolazione al 1º gennaio,Totale,62 anni,Totale,2019,12798,
Annuale,Bologna,Popolazione al 1º gennaio,Totale,62 anni,Totale,2020,13123,
Annuale,Bologna,Popolazione al 1º gennaio,Totale,62 anni,Totale,2021,13072,
Annuale,Bologna,Popolazione al 1º gennaio,Totale,62 anni,Totale,2022,13614,
Annuale,Bologna,Popolazione al 1º gennaio,Totale,62 anni,Totale,2023,13700,
Annuale,Bologna,Popolazione al 1º gennaio,Totale,62 anni,Totale,2024,14196,
Annuale,Bologna,Popolazione al 1º gennaio,Totale,62 anni,Totale,2025,14652,Dato stimato
Annuale,Bologna,Popolazione al 1º gennaio,Totale,63 anni,Totale,2019,12309,
Annuale,Bologna,Popolazione al 1º gennaio,Totale,63 anni,Totale,2020,12735,
Annuale,Bologna,Popolazione al 1º gennaio,Totale,63 anni,Totale,2021,12904,
Annuale,Bologna,Popolazione al 1º gennaio,Totale,63 anni,Totale,2022,13043,
Annuale,Bologna,Popolazione al 1º gennaio,Totale,63 anni,Totale,2023,13546,
Annuale,Bologna,Popolazione al 1º gennaio,Totale,63 anni,Totale,2024,13590,
Annuale,Bologna,Popolazione al 1º gennaio,Totale,63 anni,Totale,2025,14123,Dato stimato
Annuale,Bologna,Popolazione al 1º gennaio,Totale,64 anni,Totale,2019,12048,
Annuale,Bologna,Popolazione al 1º gennaio,Totale,64 anni,Totale,2020,12216,
Annuale,Bologna,Popolazione al 1º gennaio,Totale,64 anni,Totale,2021,12455,
Annuale,Bologna,Popolazione al 1º gennaio,Totale,64 anni,Totale,2022,12789,
Annuale,Bologna,Popolazione al 1º gennaio,Totale,64 anni,Totale,2023,13005,
Annuale,Bologna,Popolazione al 1º gennaio,Totale,64 anni,Totale,2024,13457,
Annuale,Bologna,Popolazione al 1º gennaio,Totale,64 anni,Totale,2025,13538,Dato stimato
Annuale,Bologna,Popolazione al 1º gennaio,Totale,65 anni,Totale,2019,11508,
Annuale,Bologna,Popolazione al 1º gennaio,Totale,65 anni,Totale,2020,11984,
Annuale,Bologna,Popolazione al 1º gennaio,Totale,65 anni,Totale,2021,11944,
Annuale,Bologna,Popolazione al 1º gennaio,Totale,65 anni,Totale,2022,12369,
Annuale,Bologna,Popolazione al 1º gennaio,Totale,65 anni,Totale,2023,12700,
Annuale,Bologna,Popolazione al 1º gennaio,Totale,65 anni,Totale,2024,12902,
Annuale,Bologna,Popolazione al 1º gennaio,Totale,65 anni,Totale,2025,13377,Dato stimato
Annuale,Bologna,Popolazione al 1º gennaio,Totale,66 anni,Totale,2019,11329,
Annuale,Bologna,Popolazione al 1º gennaio,Totale,66 anni,Totale,2020,11420,
Annuale,Bologna,Popolazione al 1º gennaio,Totale,66 anni,Totale,2021,11729,
Annuale,Bologna,Popolazione al 1º gennaio,Totale,66 anni,Totale,2022,11817,
Annuale,Bologna,Popolazione al 1º gennaio,Totale,66 anni,Totale,2023,12289,
Annuale,Bologna,Popolazione al 1º gennaio,Totale,66 anni,Totale,2024,12578,
Annuale,Bologna,Popolazione al 1º gennaio,Totale,66 anni,Totale,2025,12835,Dato stimato
Annuale,Bologna,Popolazione al 1º gennaio,Totale,67 anni,Totale,2019,11051,
Annuale,Bologna,Popolazione al 1º gennaio,Totale,67 anni,Totale,2020,11212,
Annuale,Bologna,Popolazione al 1º gennaio,Totale,67 anni,Totale,2021,11148,
Annuale,Bologna,Popolazione al 1º gennaio,Totale,67 anni,Totale,2022,11563,
Annuale,Bologna,Popolazione al 1º gennaio,Totale,67 anni,Totale,2023,11668,
Annuale,Bologna,Popolazione al 1º gennaio,Totale,67 anni,Totale,2024,12171,
Annuale,Bologna,Popolazione al 1º gennaio,Totale,67 anni,Totale,2025,12511,Dato stimato
Annuale,Bologna,Popolazione al 1º gennaio,Totale,68 anni,Totale,2019,11432,
Annuale,Bologna,Popolazione al 1º gennaio,Totale,68 anni,Totale,2020,10918,
Annuale,Bologna,Popolazione al 1º gennaio,Totale,68 anni,Totale,2021,10972,
Annuale,Bologna,Popolazione al 1º gennaio,Totale,68 anni,Totale,2022,11029,
Annuale,Bologna,Popolazione al 1º gennaio,Totale,68 anni,Totale,2023,11509,
Annuale,Bologna,Popolazione al 1º gennaio,Totale,68 anni,Totale,2024,11525,
Annuale,Bologna,Popolazione al 1º gennaio,Totale,68 anni,Totale,2025,12075,Dato stimato
Annuale,Bologna,Popolazione al 1º gennaio,Totale,69 anni,Totale,2019,11595,
Annuale,Bologna,Popolazione al 1º gennaio,Totale,69 anni,Totale,2020,11322,
Annuale,Bologna,Popolazione al 1º gennaio,Totale,69 anni,Totale,2021,10702,
Annuale,Bologna,Popolazione al 1º gennaio,Totale,69 anni,Totale,2022,10798,
Annuale,Bologna,Popolazione al 1º gennaio,Totale,69 anni,Totale,2023,10934,
Annuale,Bologna,Popolazione al 1º gennaio,Totale,69 anni,Totale,2024,11416,
Annuale,Bologna,Popolazione al 1º gennaio,Totale,69 anni,Totale,2025,11447,Dato stimato
Annuale,Bologna,Popolazione al 1º gennaio,Totale,70 anni,Totale,2019,12525,
Annuale,Bologna,Popolazione al 1º gennaio,Totale,70 anni,Totale,2020,11481,
Annuale,Bologna,Popolazione al 1º gennaio,Totale,70 anni,Totale,2021,11082,
Annuale,Bologna,Popolazione al 1º gennaio,Totale,70 anni,Totale,2022,10566,
Annuale,Bologna,Popolazione al 1º gennaio,Totale,70 anni,Totale,2023,10656,
Annuale,Bologna,Popolazione al 1º gennaio,Totale,70 anni,Totale,2024,10825,
Annuale,Bologna,Popolazione al 1º gennaio,Totale,70 anni,Totale,2025,11292,Dato stimato
Annuale,Bologna,Popolazione al 1º gennaio,Totale,71 anni,Totale,2019,12592,
Annuale,Bologna,Popolazione al 1º gennaio,Totale,71 anni,Totale,2020,12396,
Annuale,Bologna,Popolazione al 1º gennaio,Totale,71 anni,Totale,2021,11227,
Annuale,Bologna,Popolazione al 1º gennaio,Totale,71 anni,Totale,2022,10938,
Annuale,Bologna,Popolazione al 1º gennaio,Totale,71 anni,Totale,2023,10443,
Annuale,Bologna,Popolazione al 1º gennaio,Totale,71 anni,Totale,2024,10515,
Annuale,Bologna,Popolazione al 1º gennaio,Totale,71 anni,Totale,2025,10710,Dato stimato
Annuale,Bologna,Popolazione al 1º gennaio,Totale,72 anni,Totale,2019,12959,
Annuale,Bologna,Popolazione al 1º gennaio,Totale,72 anni,Totale,2020,12450,
Annuale,Bologna,Popolazione al 1º gennaio,Totale,72 anni,Totale,2021,12115,
Annuale,Bologna,Popolazione al 1º gennaio,Totale,72 anni,Totale,2022,11043,
Annuale,Bologna,Popolazione al 1º gennaio,Totale,72 anni,Totale,2023,10766,
Annuale,Bologna,Popolazione al 1º gennaio,Totale,72 anni,Totale,2024,10303,
Annuale,Bologna,Popolazione al 1º gennaio,Totale,72 anni,Totale,2025,10407,Dato stimato
Annuale,Bologna,Popolazione al 1º gennaio,Totale,73 anni,Totale,2019,8570,
Annuale,Bologna,Popolazione al 1º gennaio,Totale,73 anni,Totale,2020,12731,
Annuale,Bologna,Popolazione al 1º gennaio,Totale,73 anni,Totale,2021,12122,
Annuale,Bologna,Popolazione al 1º gennaio,Totale,73 anni,Totale,2022,11932,
Annuale,Bologna,Popolazione al 1º gennaio,Totale,73 anni,Totale,2023,10866,
Annuale,Bologna,Popolazione al 1º gennaio,Totale,73 anni,Totale,2024,10590,
Annuale,Bologna,Popolazione al 1º gennaio,Totale,73 anni,Totale,2025,10161,Dato stimato
Annuale,Bologna,Popolazione al 1º gennaio,Totale,74 anni,Totale,2019,9795,
Annuale,Bologna,Popolazione al 1º gennaio,Totale,74 anni,Totale,2020,8416,
Annuale,Bologna,Popolazione al 1º gennaio,Totale,74 anni,Totale,2021,12386,
Annuale,Bologna,Popolazione al 1º gennaio,Totale,74 anni,Totale,2022,11871,
Annuale,Bologna,Popolazione al 1º gennaio,Totale,74 anni,Totale,2023,11727,
Annuale,Bologna,Popolazione al 1º gennaio,Totale,74 anni,Totale,2024,10703,
Annuale,Bologna,Popolazione al 1º gennaio,Totale,74 anni,Totale,2025,10417,Dato stimato
Annuale,Bologna,Popolazione al 1º gennaio,Totale,75 anni,Totale,2019,9732,
Annuale,Bologna,Popolazione al 1º gennaio,Totale,75 anni,Totale,2020,9614,
Annuale,Bologna,Popolazione al 1º gennaio,Totale,75 anni,Totale,2021,8135,
Annuale,Bologna,Popolazione al 1º gennaio,Totale,75 anni,Totale,2022,12138,
Annuale,Bologna,Popolazione al 1º gennaio,Totale,75 anni,Totale,2023,11645,
Annuale,Bologna,Popolazione al 1º gennaio,Totale,75 anni,Totale,2024,11534,
Annuale,Bologna,Popolazione al 1º gennaio,Totale,75 anni,Totale,2025,10493,Dato stimato
Annuale,Bologna,Popolazione al 1º gennaio,Totale,76 anni,Totale,2019,9530,
Annuale,Bologna,Popolazione al 1º gennaio,Totale,76 anni,Totale,2020,9533,
Annuale,Bologna,Popolazione al 1º gennaio,Totale,76 anni,Totale,2021,9326,
Annuale,Bologna,Popolazione al 1º gennaio,Totale,76 anni,Totale,2022,7934,
Annuale,Bologna,Popolazione al 1º gennaio,Totale,76 anni,Totale,2023,11889,
Annuale,Bologna,Popolazione al 1º gennaio,Totale,76 anni,Totale,2024,11424,
Annuale,Bologna,Popolazione al 1º gennaio,Totale,76 anni,Totale,2025,11301,Dato stimato
Annuale,Bologna,Popolazione al 1º gennaio,Totale,77 anni,Totale,2019,9776,
Annuale,Bologna,Popolazione al 1º gennaio,Totale,77 anni,Totale,2020,9304,
Annuale,Bologna,Popolazione al 1º gennaio,Totale,77 anni,Totale,2021,9217,
Annuale,Bologna,Popolazione al 1º gennaio,Totale,77 anni,Totale,2022,9079,
Annuale,Bologna,Popolazione al 1º gennaio,Totale,77 anni,Totale,2023,7748,
Annuale,Bologna,Popolazione al 1º gennaio,Totale,77 anni,Totale,2024,11613,
Annuale,Bologna,Popolazione al 1º gennaio,Totale,77 anni,Totale,2025,11199,Dato stimato
Annuale,Bologna,Popolazione al 1º gennaio,Totale,78 anni,Totale,2019,10573,
Annuale,Bologna,Popolazione al 1º gennaio,Totale,78 anni,Totale,2020,9490,
Annuale,Bologna,Popolazione al 1º gennaio,Totale,78 anni,Totale,2021,8939,
Annuale,Bologna,Popolazione al 1º gennaio,Totale,78 anni,Totale,2022,8954,
Annuale,Bologna,Popolazione al 1º gennaio,Totale,78 anni,Totale,2023,8828,
Annuale,Bologna,Popolazione al 1º gennaio,Totale,78 anni,Totale,2024,7546,
Annuale,Bologna,Popolazione al 1º gennaio,Totale,78 anni,Totale,2025,11274,Dato stimato
Annuale,Bologna,Popolazione al 1º gennaio,Totale,79 anni,Totale,2019,10312,
Annuale,Bologna,Popolazione al 1º gennaio,Totale,79 anni,Totale,2020,10271,
Annuale,Bologna,Popolazione al 1º gennaio,Totale,79 anni,Totale,2021,9063,
Annuale,Bologna,Popolazione al 1º gennaio,Totale,79 anni,Totale,2022,8667,
Annuale,Bologna,Popolazione al 1º gennaio,Totale,79 anni,Totale,2023,8656,
Annuale,Bologna,Popolazione al 1º gennaio,Totale,79 anni,Totale,2024,8569,
Annuale,Bologna,Popolazione al 1º gennaio,Totale,79 anni,Totale,2025,7328,Dato stimato
Annuale,Bologna,Popolazione al 1º gennaio,Totale,80 anni,Totale,2019,9734,
Annuale,Bologna,Popolazione al 1º gennaio,Totale,80 anni,Totale,2020,10007,
Annuale,Bologna,Popolazione al 1º gennaio,Totale,80 anni,Totale,2021,9817,
Annuale,Bologna,Popolazione al 1º gennaio,Totale,80 anni,Totale,2022,8747,
Annuale,Bologna,Popolazione al 1º gennaio,Totale,80 anni,Totale,2023,8380,
Annuale,Bologna,Popolazione al 1º gennaio,Totale,80 anni,Totale,2024,8367,
Annuale,Bologna,Popolazione al 1º gennaio,Totale,80 anni,Totale,2025,8266,Dato stimato
Annuale,Bologna,Popolazione al 1º gennaio,Totale,81 anni,Totale,2019,8702,
Annuale,Bologna,Popolazione al 1º gennaio,Totale,81 anni,Totale,2020,9381,
Annuale,Bologna,Popolazione al 1º gennaio,Totale,81 anni,Totale,2021,9529,
Annuale,Bologna,Popolazione al 1º gennaio,Totale,81 anni,Totale,2022,9442,
Annuale,Bologna,Popolazione al 1º gennaio,Totale,81 anni,Totale,2023,8444,
Annuale,Bologna,Popolazione al 1º gennaio,Totale,81 anni,Totale,2024,8094,
Annuale,Bologna,Popolazione al 1º gennaio,Totale,81 anni,Totale,2025,8047,Dato stimato
Annuale,Bologna,Popolazione al 1º gennaio,Totale,82 anni,Totale,2019,7841,
Annuale,Bologna,Popolazione al 1º gennaio,Totale,82 anni,Totale,2020,8298,
Annuale,Bologna,Popolazione al 1º gennaio,Totale,82 anni,Totale,2021,8893,
Annuale,Bologna,Popolazione al 1º gennaio,Totale,82 anni,Totale,2022,9086,
Annuale,Bologna,Popolazione al 1º gennaio,Totale,82 anni,Totale,2023,9026,
Annuale,Bologna,Popolazione al 1º gennaio,Totale,82 anni,Totale,2024,8056,
Annuale,Bologna,Popolazione al 1º gennaio,Totale,82 anni,Totale,2025,7755,Dato stimato
Annuale,Bologna,Popolazione al 1º gennaio,Totale,83 anni,Totale,2019,7799,
Annuale,Bologna,Popolazione al 1º gennaio,Totale,83 anni,Totale,2020,7445,
Annuale,Bologna,Popolazione al 1º gennaio,Totale,83 anni,Totale,2021,7740,
Annuale,Bologna,Popolazione al 1º gennaio,Totale,83 anni,Totale,2022,8392,
Annuale,Bologna,Popolazione al 1º gennaio,Totale,83 anni,Totale,2023,8688,
Annuale,Bologna,Popolazione al 1º gennaio,Totale,83 anni,Totale,2024,8573,
Annuale,Bologna,Popolazione al 1º gennaio,Totale,83 anni,Totale,2025,7673,Dato stimato
Annuale,Bologna,Popolazione al 1º gennaio,Totale,84 anni,Totale,2019,7181,
Annuale,Bologna,Popolazione al 1º gennaio,Totale,84 anni,Totale,2020,7366,
Annuale,Bologna,Popolazione al 1º gennaio,Totale,84 anni,Totale,2021,6888,
Annuale,Bologna,Popolazione al 1º gennaio,Totale,84 anni,Totale,2022,7272,
Annuale,Bologna,Popolazione al 1º gennaio,Totale,84 anni,Totale,2023,7923,
Annuale,Bologna,Popolazione al 1º gennaio,Totale,84 anni,Totale,2024,8191,
Annuale,Bologna,Popolazione al 1º gennaio,Totale,84 anni,Totale,2025,8100,Dato stimato
Annuale,Bologna,Popolazione al 1º gennaio,Totale,85 anni,Totale,2019,6571,
Annuale,Bologna,Popolazione al 1º gennaio,Totale,85 anni,Totale,2020,6730,
Annuale,Bologna,Popolazione al 1º gennaio,Totale,85 anni,Totale,2021,6780,
Annuale,Bologna,Popolazione al 1º gennaio,Totale,85 anni,Totale,2022,6369,
Annuale,Bologna,Popolazione al 1º gennaio,Totale,85 anni,Totale,2023,6759,
Annuale,Bologna,Popolazione al 1º gennaio,Totale,85 anni,Totale,2024,7420,
Annuale,Bologna,Popolazione al 1º gennaio,Totale,85 anni,Totale,2025,7640,Dato stimato
Annuale,Bologna,Popolazione al 1º gennaio,Totale,86 anni,Totale,2019,5915,
Annuale,Bologna,Popolazione al 1º gennaio,Totale,86 anni,Totale,2020,6101,
Annuale,Bologna,Popolazione al 1º gennaio,Totale,86 anni,Totale,2021,6094,
Annuale,Bologna,Popolazione al 1º gennaio,Totale,86 anni,Totale,2022,6226,
Annuale,Bologna,Popolazione al 1º gennaio,Totale,86 anni,Totale,2023,5892,
Annuale,Bologna,Popolazione al 1º gennaio,Totale,86 anni,Totale,2024,6269,
Annuale,Bologna,Popolazione al 1º gennaio,Totale,86 anni,Totale,2025,6895,Dato stimato
Annuale,Bologna,Popolazione al 1º gennaio,Totale,87 anni,Totale,2019,5421,
Annuale,Bologna,Popolazione al 1º gennaio,Totale,87 anni,Totale,2020,5400,
Annuale,Bologna,Popolazione al 1º gennaio,Totale,87 anni,Totale,2021,5491,
Annuale,Bologna,Popolazione al 1º gennaio,Totale,87 anni,Totale,2022,5500,
Annuale,Bologna,Popolazione al 1º gennaio,Totale,87 anni,Totale,2023,5669,
Annuale,Bologna,Popolazione al 1º gennaio,Totale,87 anni,Totale,2024,5421,
Annuale,Bologna,Popolazione al 1º gennaio,Totale,87 anni,Totale,2025,5745,Dato stimato
Annuale,Bologna,Popolazione al 1º gennaio,Totale,88 anni,Totale,2019,5167,
Annuale,Bologna,Popolazione al 1º gennaio,Totale,88 anni,Totale,2020,4917,
Annuale,Bologna,Popolazione al 1º gennaio,Totale,88 anni,Totale,2021,4769,
Annuale,Bologna,Popolazione al 1º gennaio,Totale,88 anni,Totale,2022,4904,
Annuale,Bologna,Popolazione al 1º gennaio,Totale,88 anni,Totale,2023,4935,
Annuale,Bologna,Popolazione al 1º gennaio,Totale,88 anni,Totale,2024,5145,
Annuale,Bologna,Popolazione al 1º gennaio,Totale,88 anni,Totale,2025,4929,Dato stimato
Annuale,Bologna,Popolazione al 1º gennaio,Totale,89 anni,Totale,2019,4292,
Annuale,Bologna,Popolazione al 1º gennaio,Totale,89 anni,Totale,2020,4571,
Annuale,Bologna,Popolazione al 1º gennaio,Totale,89 anni,Totale,2021,4287,
Annuale,Bologna,Popolazione al 1º gennaio,Totale,89 anni,Totale,2022,4201,
Annuale,Bologna,Popolazione al 1º gennaio,Totale,89 anni,Totale,2023,4367,
Annuale,Bologna,Popolazione al 1º gennaio,Totale,89 anni,Totale,2024,4397,
Annuale,Bologna,Popolazione al 1º gennaio,Totale,89 anni,Totale,2025,4632,Dato stimato
Annuale,Bologna,Popolazione al 1º gennaio,Totale,90 anni,Totale,2019,3664,
Annuale,Bologna,Popolazione al 1º gennaio,Totale,90 anni,Totale,2020,3741,
Annuale,Bologna,Popolazione al 1º gennaio,Totale,90 anni,Totale,2021,3870,
Annuale,Bologna,Popolazione al 1º gennaio,Totale,90 anni,Totale,2022,3716,
Annuale,Bologna,Popolazione al 1º gennaio,Totale,90 anni,Totale,2023,3650,
Annuale,Bologna,Popolazione al 1º gennaio,Totale,90 anni,Totale,2024,3842,
Annuale,Bologna,Popolazione al 1º gennaio,Totale,90 anni,Totale,2025,3911,Dato stimato
Annuale,Bologna,Popolazione al 1º gennaio,Totale,91 anni,Totale,2019,3224,
Annuale,Bologna,Popolazione al 1º gennaio,Totale,91 anni,Totale,2020,3127,
Annuale,Bologna,Popolazione al 1º gennaio,Totale,91 anni,Totale,2021,3130,
Annuale,Bologna,Popolazione al 1º gennaio,Totale,91 anni,Totale,2022,3292,
Annuale,Bologna,Popolazione al 1º gennaio,Totale,91 anni,Totale,2023,3152,
Annuale,Bologna,Popolazione al 1º gennaio,Totale,91 anni,Totale,2024,3152,
Annuale,Bologna,Popolazione al 1º gennaio,Totale,91 anni,Totale,2025,3335,Dato stimato
Annuale,Bologna,Popolazione al 1º gennaio,Totale,92 anni,Totale,2019,2544,
Annuale,Bologna,Popolazione al 1º gennaio,Totale,92 anni,Totale,2020,2682,
Annuale,Bologna,Popolazione al 1º gennaio,Totale,92 anni,Totale,2021,2536,
Annuale,Bologna,Popolazione al 1º gennaio,Totale,92 anni,Totale,2022,2610,
Annuale,Bologna,Popolazione al 1º gennaio,Totale,92 anni,Totale,2023,2740,
Annuale,Bologna,Popolazione al 1º gennaio,Totale,92 anni,Totale,2024,2628,
Annuale,Bologna,Popolazione al 1º gennaio,Totale,92 anni,Totale,2025,2700,Dato stimato
Annuale,Bologna,Popolazione al 1º gennaio,Totale,93 anni,Totale,2019,2097,
Annuale,Bologna,Popolazione al 1º gennaio,Totale,93 anni,Totale,2020,2116,
Annuale,Bologna,Popolazione al 1º gennaio,Totale,93 anni,Totale,2021,2160,
Annuale,Bologna,Popolazione al 1º gennaio,Totale,93 anni,Totale,2022,2036,
Annuale,Bologna,Popolazione al 1º gennaio,Totale,93 anni,Totale,2023,2134,
Annuale,Bologna,Popolazione al 1º gennaio,Totale,93 anni,Totale,2024,2262,
Annuale,Bologna,Popolazione al 1º gennaio,Totale,93 anni,Totale,2025,2195,Dato stimato
Annuale,Bologna,Popolazione al 1º gennaio,Totale,94 anni,Totale,2019,1638,
Annuale,Bologna,Popolazione al 1º gennaio,Totale,94 anni,Totale,2020,1691,
Annuale,Bologna,Popolazione al 1º gennaio,Totale,94 anni,Totale,2021,1647,
Annuale,Bologna,Popolazione al 1º gennaio,Totale,94 anni,Totale,2022,1721,
Annuale,Bologna,Popolazione al 1º gennaio,Totale,94 anni,Totale,2023,1573,
Annuale,Bologna,Popolazione al 1º gennaio,Totale,94 anni,Totale,2024,1738,
Annuale,Bologna,Popolazione al 1º gennaio,Totale,94 anni,Totale,2025,1852,Dato stimato
Annuale,Bologna,Popolazione al 1º gennaio,Totale,95 anni,Totale,2019,1315,
Annuale,Bologna,Popolazione al 1º gennaio,Totale,95 anni,Totale,2020,1319,
Annuale,Bologna,Popolazione al 1º gennaio,Totale,95 anni,Totale,2021,1288,
Annuale,Bologna,Popolazione al 1º gennaio,Totale,95 anni,Totale,2022,1251,
Annuale,Bologna,Popolazione al 1º gennaio,Totale,95 anni,Totale,2023,1297,
Annuale,Bologna,Popolazione al 1º gennaio,Totale,95 anni,Totale,2024,1203,
Annuale,Bologna,Popolazione al 1º gennaio,Totale,95 anni,Totale,2025,1407,Dato stimato
Annuale,Bologna,Popolazione al 1º gennaio,Totale,96 anni,Totale,2019,989,
Annuale,Bologna,Popolazione al 1º gennaio,Totale,96 anni,Totale,2020,988,
Annuale,Bologna,Popolazione al 1º gennaio,Totale,96 anni,Totale,2021,945,
Annuale,Bologna,Popolazione al 1º gennaio,Totale,96 anni,Totale,2022,980,
Annuale,Bologna,Popolazione al 1º gennaio,Totale,96 anni,Totale,2023,914,
Annuale,Bologna,Popolazione al 1º gennaio,Totale,96 anni,Totale,2024,983,
Annuale,Bologna,Popolazione al 1º gennaio,Totale,96 anni,Totale,2025,923,Dato stimato
Annuale,Bologna,Popolazione al 1º gennaio,Totale,97 anni,Totale,2019,720,
Annuale,Bologna,Popolazione al 1º gennaio,Totale,97 anni,Totale,2020,727,
Annuale,Bologna,Popolazione al 1º gennaio,Totale,97 anni,Totale,2021,678,
Annuale,Bologna,Popolazione al 1º gennaio,Totale,97 anni,Totale,2022,671,
Annuale,Bologna,Popolazione al 1º gennaio,Totale,97 anni,Totale,2023,679,
Annuale,Bologna,Popolazione al 1º gennaio,Totale,97 anni,Totale,2024,659,
Annuale,Bologna,Popolazione al 1º gennaio,Totale,97 anni,Totale,2025,763,Dato stimato
Annuale,Bologna,Popolazione al 1º gennaio,Totale,98 anni,Totale,2019,485,
Annuale,Bologna,Popolazione al 1º gennaio,Totale,98 anni,Totale,2020,516,
Annuale,Bologna,Popolazione al 1º gennaio,Totale,98 anni,Totale,2021,481,
Annuale,Bologna,Popolazione al 1º gennaio,Totale,98 anni,Totale,2022,466,
Annuale,Bologna,Popolazione al 1º gennaio,Totale,98 anni,Totale,2023,468,
Annuale,Bologna,Popolazione al 1º gennaio,Totale,98 anni,Totale,2024,486,
Annuale,Bologna,Popolazione al 1º gennaio,Totale,98 anni,Totale,2025,497,Dato stimato
Annuale,Bologna,Popolazione al 1º gennaio,Totale,99 anni,Totale,2019,253,
Annuale,Bologna,Popolazione al 1º gennaio,Totale,99 anni,Totale,2020,336,
Annuale,Bologna,Popolazione al 1º gennaio,Totale,99 anni,Totale,2021,336,
Annuale,Bologna,Popolazione al 1º gennaio,Totale,99 anni,Totale,2022,332,
Annuale,Bologna,Popolazione al 1º gennaio,Totale,99 anni,Totale,2023,294,
Annuale,Bologna,Popolazione al 1º gennaio,Totale,99 anni,Totale,2024,337,
Annuale,Bologna,Popolazione al 1º gennaio,Totale,99 anni,Totale,2025,339,Dato stimato
Annuale,Bologna,Popolazione al 1º gennaio,Totale,100 anni e più,Totale,2019,345,
Annuale,Bologna,Popolazione al 1º gennaio,Totale,100 anni e più,Totale,2020,385,
Annuale,Bologna,Popolazione al 1º gennaio,Totale,100 anni e più,Totale,2021,434,
Annuale,Bologna,Popolazione al 1º gennaio,Totale,100 anni e più,Totale,2022,508,
Annuale,Bologna,Popolazione al 1º gennaio,Totale,100 anni e più,Totale,2023,497,
Annuale,Bologna,Popolazione al 1º gennaio,Totale,100 anni e più,Totale,2024,495,
Annuale,Bologna,Popolazione al 1º gennaio,Totale,100 anni e più,Totale,2025,551,Dato stimato
Annuale,Bologna,Popolazione al 1º gennaio,Totale,Totale,Totale,2019,1017551,
Annuale,Bologna,Popolazione al 1º gennaio,Totale,Totale,Totale,2020,1021501,
Annuale,Bologna,Popolazione al 1º gennaio,Totale,Totale,Totale,2021,1015608,
Annuale,Bologna,Popolazione al 1º gennaio,Totale,Totale,Totale,2022,1010812,
Annuale,Bologna,Popolazione al 1º gennaio,Totale,Totale,Totale,2023,1014124,
Annuale,Bologna,Popolazione al 1º gennaio,Totale,Totale,Totale,2024,1017536,
Annuale,Bologna,Popolazione al 1º gennaio,Totale,Totale,Totale,2025,1020865,Dato stimato
